This data is a numerical solution for the decay problem
0.0 1000.0 50.0
5.0 500.0 50.0
10.0 250.0 -75.0
15.0 125.0 362.5
20.0 62.5 -1418.75
25.0 31.25 5690.625
30.0 15.625 -22754.6875
This data is a numerical solution for the decay problem
0.0 1000.0 50.0
2.0 800.0 110.0
4.0 640.0 18.0
6.0 512.0 84.4
8.0 409.6 -2.48
10.0 327.68 68.016
12.0 262.144 -15.5872
14.0 209.7152 57.53024
16.0 167.77216 -23.975808
18.0 134.217728 50.8193536
20.0 107.3741824 -29.34451712
22.0 85.89934592 46.524386304
24.0 68.719476736 -32.7804909568
26.0 54.9755813888 43.7756072346
28.0 43.980465111 -34.9795142124
30.0 35.1843720888 42.0163886301
This data is a numerical solution for the decay problem
0.0 1000.0 50.0
1.0 900.0 90.0
2.0 810.0 81.0
3.0 729.0 72.9
4.0 656.1 65.61
5.0 590.49 59.049
6.0 531.441 53.1441
7.0 478.2969 47.82969
8.0 430.46721 43.046721
9.0 387.420489 38.7420489
10.0 348.6784401 34.86784401
11.0 313.81059609 31.381059609
12.0 282.429536481 28.2429536481
13.0 254.186582833 25.4186582833
14.0 228.76792455 22.876792455
15.0 205.891132095 20.5891132095
16.0 185.302018885 18.5302018885
17.0 166.771816997 16.6771816997
18.0 150.094635297 15.0094635297
19.0 135.085171767 13.5085171767
20.0 121.576654591 12.1576654591
21.0 109.418989132 10.9418989132
22.0 98.4770902184 9.84770902184
23.0 88.6293811965 8.86293811965
24.0 79.7664430769 7.97664430769
25.0 71.7897987692 7.17897987692
26.0 64.6108188923 6.46108188923
27.0 58.149737003 5.8149737003
28.0 52.3347633027 5.23347633027
29.0 47.1012869725 4.71012869725
30.0 42.3911582752 4.23911582752
This data is a numerical solution for the decay problem
0.0 1000.0 50.0
0.5 950.0 72.5
1.0 902.5 81.375
1.5 857.375 83.55625
2.0 814.50625 82.5034375
2.5 773.7809375 79.940765625
3.0 735.091890625 76.7249773437
3.5 698.337296094 73.2793534766
4.0 663.420431289 69.8106983027
4.5 630.249409725 66.4178196376
5.0 598.736939238 63.1457567807
5.5 568.800092276 60.0128830042
6.0 540.360087663 57.0244458852
6.5 513.34208328 54.1793271066
7.0 487.674979116 51.4734125091
7.5 463.29123016 48.9012677625
8.0 440.126668652 46.4569673138
8.5 418.120335219 44.1345004179
9.0 397.214318458 41.9279661319
9.5 377.353602535 39.8316631927
10.0 358.485922409 37.8401277168
10.5 340.561626288 35.9481451728
11.0 323.533544974 34.1507498351
11.5 307.356867725 32.4432183038
12.0 291.989024339 30.8210603688
12.5 277.389573122 29.2800088405
13.0 263.520094466 27.8160091435
13.5 250.344089742 26.4252090589
14.0 237.826885255 25.1039487922
14.5 225.935540993 23.8487514457
15.0 214.638763943 22.65631392
15.5 203.906825746 21.5234982473
16.0 193.711484459 20.4473233466
16.5 184.025910236 19.4249571851
17.0 174.824614724 18.4537093287
17.5 166.083383988 17.5310238637
18.0 157.779214788 16.6544726713
18.5 149.890254049 15.8217490381
19.0 142.395741346 15.0306615864
19.5 135.275954279 14.2791285071
20.0 128.512156565 13.5651720818
20.5 122.086548737 12.8869134778
21.0 115.9822213 12.2425678039
21.5 110.183110235 11.6304394137
22.0 104.673954723 11.048917443
22.5 99.4402569871 10.4964715709
23.0 94.4682441377 9.97164799232
23.5 89.7448319309 9.4730655927
24.0 85.2575903343 8.99941231307
24.5 80.9947108176 8.54944169741
25.0 76.9449752767 8.12196961254
25.5 73.0977265129 7.71587113191
26.0 69.4428401872 7.33007757532
26.5 65.9706981779 6.96357369655
27.0 62.672163269 6.61539501173
27.5 59.5385551055 6.28462526114
28.0 56.5616273503 5.97039399808
28.5 53.7335459827 5.67187429818
29.0 51.0468686836 5.38828058327
29.5 48.4945252494 5.11886655411
30.0 46.069798987 4.8629232264
