This data is a numerical solution for the decay problem
0.0 1000.0 50.0
5.0 500.0 -200.0
10.0 250.0 1925.0
15.0 125.0 -17262.5
20.0 62.5 155393.75
25.0 31.25 -1398528.125
30.0 15.625 12586760.9375
This data is a numerical solution for the decay problem
0.0 1000.0 50.0
2.0 800.0 10.0
4.0 640.0 98.0
6.0 512.0 -191.6
8.0 409.6 656.72
10.0 327.68 -1904.624
12.0 262.144 5766.3008
14.0 209.7152 -17256.95936
16.0 167.77216 51804.432512
18.0 134.217728 -155386.45399
20.0 107.3741824 466180.836808
22.0 85.89934592 -1398525.33055
24.0 68.719476736 4195589.73556
26.0 54.9755813888 -12586758.2116
28.0 43.980465111 37760283.4308
30.0 35.1843720888 -113280843.255
This data is a numerical solution for the decay problem
0.0 1000.0 50.0
1.0 900.0 40.0
2.0 810.0 41.0
3.0 729.0 31.9
4.0 656.1 33.71
5.0 590.49 25.339
6.0 531.441 27.8051
7.0 478.2969 20.02459
8.0 430.46721 23.022131
9.0 387.420489 15.7199179
10.0 348.6784401 19.14792611
11.0 313.81059609 12.233133499
12.0 282.429536481 16.0098201491
13.0 254.186582833 9.40883813419
14.0 228.76792455 13.4679543208
15.0 205.891132095 7.12115888869
16.0 185.302018885 11.4090429998
17.0 166.771816997 5.26813869984
18.0 150.094635297 9.74132482986
19.0 135.085171767 3.76719234687
20.0 121.576654591 8.39047311218
21.0 109.418989132 2.55142580097
22.0 98.4770902184 7.29628322087
23.0 88.6293811965 1.56665489878
24.0 79.7664430769 6.4099894089
25.0 71.7897987692 0.768990468014
26.0 64.6108188923 5.69209142121
27.0 58.149737003 0.122882279091
28.0 52.3347633027 5.11059405118
29.0 47.1012869725 -0.400465353936
30.0 42.3911582752 4.63958118146
This data is a numerical solution for the decay problem
0.0 1000.0 50.0
0.5 950.0 47.5
1.0 902.5 45.125
1.5 857.375 42.86875
2.0 814.50625 40.7253125
2.5 773.7809375 38.689046875
3.0 735.091890625 36.7545945312
3.5 698.337296094 34.9168648047
4.0 663.420431289 33.1710215645
4.5 630.249409725 31.5124704862
5.0 598.736939238 29.9368469619
5.5 568.800092276 28.4400046138
6.0 540.360087663 27.0180043831
6.5 513.34208328 25.667104164
7.0 487.674979116 24.3837489558
7.5 463.29123016 23.164561508
8.0 440.126668652 22.0063334326
8.5 418.120335219 20.906016761
9.0 397.214318458 19.8607159229
9.5 377.353602535 18.8676801268
10.0 358.485922409 17.9242961204
10.5 340.561626288 17.0280813144
11.0 323.533544974 16.1766772487
11.5 307.356867725 15.3678433863
12.0 291.989024339 14.5994512169
12.5 277.389573122 13.8694786561
13.0 263.520094466 13.1760047233
13.5 250.344089742 12.5172044871
14.0 237.826885255 11.8913442628
14.5 225.935540993 11.2967770496
15.0 214.638763943 10.7319381971
15.5 203.906825746 10.1953412873
16.0 193.711484459 9.68557422293
16.5 184.025910236 9.20129551178
17.0 174.824614724 8.74123073619
17.5 166.083383988 8.30416919938
18.0 157.779214788 7.88896073941
18.5 149.890254049 7.49451270244
19.0 142.395741346 7.11978706732
19.5 135.275954279 6.76379771395
20.0 128.512156565 6.42560782826
20.5 122.086548737 6.10432743684
21.0 115.9822213 5.799111065
21.5 110.183110235 5.50915551175
22.0 104.673954723 5.23369773616
22.5 99.4402569871 4.97201284935
23.0 94.4682441377 4.72341220689
23.5 89.7448319309 4.48724159654
24.0 85.2575903343 4.26287951672
24.5 80.9947108176 4.04973554088
25.0 76.9449752767 3.84724876384
25.5 73.0977265129 3.65488632564
26.0 69.4428401872 3.47214200936
26.5 65.9706981779 3.29853490889
27.0 62.672163269 3.13360816345
27.5 59.5385551055 2.97692775528
28.0 56.5616273503 2.82808136751
28.5 53.7335459827 2.68667729914
29.0 51.0468686836 2.55234343418
29.5 48.4945252494 2.42472626247
30.0 46.069798987 2.30348994935
