This data is a numerical solution for the decay problem
0.0 1000.0 50.0
5.0 500.0 175.0
10.0 250.0 -137.5
15.0 125.0 268.75
20.0 62.5 -371.875
25.0 31.25 573.4375
30.0 15.625 -852.34375
This data is a numerical solution for the decay problem
0.0 1000.0 50.0
2.0 800.0 160.0
4.0 640.0 128.0
6.0 512.0 102.4
8.0 409.6 81.92
10.0 327.68 65.536
12.0 262.144 52.4288
14.0 209.7152 41.94304
16.0 167.77216 33.554432
18.0 134.217728 26.8435456
20.0 107.3741824 21.47483648
22.0 85.89934592 17.179869184
24.0 68.719476736 13.7438953472
26.0 54.9755813888 10.9951162778
28.0 43.980465111 8.79609302221
30.0 35.1843720888 7.03687441777
This data is a numerical solution for the decay problem
0.0 1000.0 50.0
1.0 900.0 115.0
2.0 810.0 138.5
3.0 729.0 142.15
4.0 656.1 136.685
5.0 590.49 127.3915
6.0 531.441 116.83985
7.0 478.2969 106.249615
8.0 430.46721 96.1715285
9.0 387.420489 86.82781315
10.0 348.6784401 78.281750585
11.0 313.81059609 70.5219349015
12.0 282.429536481 63.5039210989
13.0 254.186582833 57.1706188327
14.0 228.76792455 51.4621018713
15.0 205.891132095 46.3201641451
16.0 185.302018885 41.6902839611
17.0 166.771816997 37.5223236802
18.0 150.094635297 33.7706253698
19.0 135.085171767 30.3938298616
20.0 121.576654591 27.3545803899
21.0 109.418989132 24.6191891081
22.0 98.4770902184 22.1573035759
23.0 88.6293811965 19.9415899076
24.0 79.7664430769 17.9474392615
25.0 71.7897987692 16.1526995077
26.0 64.6108188923 14.5374316431
27.0 58.149737003 13.0836895218
28.0 52.3347633027 11.7753210912
29.0 47.1012869725 10.5977892428
30.0 42.3911582752 9.53801044894
This data is a numerical solution for the decay problem
0.0 1000.0 50.0
0.5 950.0 85.0
1.0 902.5 108.875
1.5 857.375 124.525
2.0 814.50625 134.1190625
2.5 773.7809375 139.27834375
3.0 735.091890625 141.213352344
3.5 698.337296094 140.826879062
4.0 663.420431289 138.791180861
4.5 630.249409725 135.605856132
5.0 598.736939238 131.641239061
5.5 568.800092276 127.17093391
6.0 540.360087663 122.396204815
6.5 513.34208328 117.464257775
7.0 487.674979116 112.481942287
7.5 463.29123016 107.526018224
8.0 440.126668652 102.6508471
8.5 418.120335219 97.8941520861
9.0 397.214318458 93.2813299875
9.5 377.353602535 88.8286776174
10.0 358.485922409 84.5458043335
10.5 340.561626288 80.4374345645
11.0 323.533544974 76.5047531721
11.5 307.356867725 72.7464082653
12.0 291.989024339 69.1592574159
12.5 277.389573122 65.738921718
13.0 263.520094466 62.4801960118
13.5 250.344089742 59.377351496
14.0 237.826885255 56.4243578848
14.5 225.935540993 53.6150454632
15.0 214.638763943 50.9432222945
15.5 203.906825746 48.4027580082
16.0 193.711484459 45.9876427291
16.5 184.025910236 43.6920275586
17.0 174.824614724 41.5102514051
17.5 166.083383988 39.4368577532
18.0 157.779214788 37.4666040543
18.5 149.890254049 35.5944657432
19.0 142.395741346 33.8156363747
19.5 135.275954279 32.125524995
20.0 128.512156565 30.5197515745
20.5 122.086548737 28.9941411177
21.0 115.9822213 27.5447169033
21.5 110.183110235 26.1676931892
22.0 104.673954723 24.8594676281
22.5 99.4402569871 23.6166135704
23.0 94.4682441377 22.4358723847
23.5 89.7448319309 21.3141458851
24.0 85.2575903343 20.2484889305
24.5 80.9947108176 19.2361022388
25.0 76.9449752767 18.2743254429
25.5 73.0977265129 17.3606304078
26.0 69.4428401872 16.4926148152
26.5 65.9706981779 15.6679960203
27.0 62.672163269 14.8846051787
27.5 59.5385551055 14.1403816393
28.0 56.5616273503 13.433367597
28.5 53.7335459827 12.7617029969
29.0 51.0468686836 12.1236206818
29.5 48.4945252494 11.5174417738
30.0 46.069798987 10.9415712797
