This data is a numerical solution for the decay problem
0.0 1000.0 50.0
5.0 500.0 297.5
10.0 250.0 407.625
15.0 125.0 449.74375
20.0 62.5 458.5065625
25.0 31.25 451.206234375
30.0 15.625 436.458422656
This data is a numerical solution for the decay problem
0.0 1000.0 50.0
2.0 800.0 209.0
4.0 640.0 332.82
6.0 512.0 428.5636
8.0 409.6 501.912328
10.0 327.68 557.41008144
12.0 262.144 598.690679811
14.0 209.7152 628.659906215
16.0 167.77216 649.641140091
18.0 134.217728 663.491862889
20.0 107.3741824 671.696862111
22.0 85.89934592 675.442794053
24.0 68.719476736 675.677833519
26.0 54.9755813888 673.159393126
28.0 43.980465111 668.492298286
30.0 35.1843720888 662.159326738
This data is a numerical solution for the decay problem
0.0 1000.0 50.0
1.0 900.0 139.5
2.0 810.0 219.105
3.0 729.0 289.81395
4.0 656.1 352.5258105
5.0 590.49 408.049552395
6.0 531.441 457.113156871
7.0 478.2969 500.371715302
8.0 430.46721 538.414719149
9.0 387.420489 571.772620858
10.0 348.6784401 600.922738659
11.0 313.81059609 626.294570882
12.0 282.429536481 648.274578821
13.0 254.186582833 667.210491316
14.0 228.76792455 683.415178858
15.0 205.891132095 697.170140279
16.0 185.302018885 708.728640764
17.0 166.771816997 718.318536056
18.0 150.094635297 726.144814226
19.0 135.085171767 732.39188326
20.0 121.576654591 737.225629887
21.0 109.418989132 740.795272501
22.0 98.4770902184 743.235028798
23.0 88.6293811965 744.665616629
24.0 79.7664430769 745.195604771
25.0 71.7897987692 744.9226286
26.0 64.6108188923 743.934484203
27.0 58.149737003 742.310113061
28.0 52.3347633027 740.120488261
29.0 47.1012869725 737.429412076
30.0 42.3911582752 734.294233782
This data is a numerical solution for the decay problem
0.0 1000.0 50.0
0.5 950.0 97.25
1.0 902.5 141.88875
1.5 857.375 184.04805625
2.0 814.50625 223.853128469
2.5 773.7809375 261.422909701
3.0 735.091890625 296.870389684
3.5 698.337296094 330.30290254
4.0 663.420431289 361.822409592
4.5 630.249409725 391.52576803
5.0 598.736939238 419.504986152
5.5 568.800092276 445.847465835
6.0 540.360087663 470.636232889
6.5 513.34208328 493.950155889
7.0 487.674979116 515.864154065
7.5 463.29123016 536.449394803
8.0 440.126668652 555.773481261
8.5 418.120335219 573.900630616
9.0 397.214318458 590.891843386
9.5 377.353602535 606.805064296
10.0 358.485922409 621.695335095
10.5 340.561626288 635.614939734
11.0 323.533544974 648.613542284
11.5 307.356867725 660.738317958
12.0 291.989024339 672.034077586
12.5 277.389573122 682.543385854
13.0 263.520094466 692.306673648
13.5 250.344089742 701.362344767
14.0 237.826885255 709.746877306
14.5 225.935540993 717.494919969
15.0 214.638763943 724.639383566
15.5 203.906825746 731.211527935
16.0 193.711484459 737.241044519
16.5 184.025910236 742.756134808
17.0 174.824614724 747.78358487
17.5 166.083383988 752.348836145
18.0 157.779214788 756.476052704
18.5 149.890254049 760.188185143
19.0 142.395741346 763.507031284
19.5 135.275954279 766.453293842
20.0 128.512156565 769.046635201
20.5 122.086548737 771.305729462
21.0 115.9822213 773.248311879
21.5 110.183110235 774.891225832
22.0 104.673954723 776.250467439
22.5 99.4402569871 777.341227951
23.0 94.4682441377 778.177934018
23.5 89.7448319309 778.774285944
24.0 85.2575903343 779.143294031
24.5 80.9947108176 779.297313102
25.0 76.9449752767 779.2480753
25.5 73.0977265129 779.00672125
26.0 69.4428401872 778.583829653
26.5 65.9706981779 777.989445413
27.0 62.672163269 777.23310635
27.5 59.5385551055 776.323868573
28.0 56.5616273503 775.270330598
28.5 53.7335459827 774.080656244
29.0 51.0468686836 772.762596397
29.5 48.4945252494 771.323509678
30.0 46.069798987 769.770382078
