This data is a numerical solution for the decay problem
0.0 1000.0 50.0
5.0 500.0 275.0
10.0 250.0 262.5
15.0 125.0 193.75
20.0 62.5 128.125
25.0 31.25 79.6875
30.0 15.625 47.65625
This data is a numerical solution for the decay problem
0.0 1000.0 50.0
5.0 500.0 291.666666667
10.0 250.0 368.055555556
15.0 125.0 369.212962963
20.0 62.5 338.927469136
25.0 31.25 298.064557613
30.0 15.625 256.199631344
This data is a numerical solution for the decay problem
0.0 1000.0 50.0
2.0 800.0 206.666666667
4.0 640.0 320.888888889
6.0 512.0 401.896296296
8.0 409.6 457.023209877
10.0 327.68 492.090995885
12.0 262.144 511.713729492
14.0 209.7152 519.54252086
16.0 167.77216 518.460784802
18.0 134.217728 510.740278082
20.0 107.3741824 498.16576269
22.0 85.89934592 482.134581028
24.0 68.719476736 463.736170973
26.0 54.9755813888 443.81554252
28.0 43.980465111 423.023932707
30.0 35.1843720888 401.859211611
This data is a numerical solution for the decay problem
0.0 1000.0 50.0
1.0 900.0 138.333333333
2.0 810.0 214.722222222
3.0 729.0 280.464814815
4.0 656.1 336.725987654
5.0 590.49 384.550788066
6.0 531.441 424.876528464
7.0 478.2969 458.543667515
8.0 430.46721 486.305599598
9.0 387.420489 508.837461844
10.0 348.6784401 526.744057126
11.0 313.81059609 540.566981498
12.0 282.429536481 550.791035763
13.0 254.186582833 557.849992854
14.0 228.76792455 562.131785547
15.0 205.891132095 563.983172572
16.0 185.302018885 563.713935374
17.0 166.771816997 561.600652562
18.0 150.094635297 557.890094339
19.0 135.085171767 552.802275038
20.0 121.576654591 546.533197996
21.0 109.418989132 539.257323642
22.0 98.4770902184 531.129788543
23.0 88.6293811965 522.288400378
24.0 79.7664430769 512.855431339
25.0 71.7897987692 502.939230172
26.0 64.6108188923 492.635671055
27.0 58.149737003 482.02945572
28.0 52.3347633027 471.195283527
29.0 47.1012869725 460.198902773
30.0 42.3911582752 449.098055175
This data is a numerical solution for the decay problem
0.0 1000.0 50.0
0.5 950.0 96.6666666667
1.0 902.5 140.180555556
1.5 857.375 180.712962963
2.0 814.50625 218.426392747
2.5 773.7809375 253.474999743
3.0 735.091890625 286.005010945
3.5 698.337296094 316.155125567
4.0 663.420431289 344.056895039
4.5 630.249409725 369.835083941
5.0 598.736939238 393.608012837
5.5 568.800092276 415.487883904
6.0 540.360087663 435.581090222
6.5 513.34208328 453.988509549
7.0 487.674979116 470.805783346
7.5 463.29123016 486.123581798
8.0 440.126668652 500.027855534
8.5 418.120335219 512.600074703
9.0 397.214318458 523.917456047
9.5 377.353602535 534.053178573
10.0 358.485922409 543.076588384
10.5 340.561626288 551.053393225
11.0 323.533544974 558.045847254
11.5 307.356867725 564.112926519
12.0 291.989024339 569.310495627
12.5 277.389573122 573.691466023
13.0 263.520094466 577.305946312
13.5 250.344089742 580.201385028
14.0 237.826885255 582.422706207
14.5 225.935540993 584.012438153
15.0 214.638763943 585.010835714
15.5 203.906825746 585.455996406
16.0 193.711484459 585.383970689
16.5 184.025910236 584.828866689
17.0 174.824614724 583.822949647
17.5 166.083383988 582.396736353
18.0 157.779214788 580.579084819
18.5 149.890254049 578.397279441
19.0 142.395741346 575.877111851
19.5 135.275954279 573.042957701
20.0 128.512156565 569.917849568
20.5 122.086548737 566.523546179
21.0 115.9822213 562.880598141
21.5 110.183110235 559.00841035
22.0 104.673954723 554.925301247
22.5 99.4402569871 550.648559076
23.0 94.4682441377 546.194495298
23.5 89.7448319309 541.578495306
24.0 85.2575903343 536.815066568
24.5 80.9947108176 531.917884332
25.0 76.9449752767 526.899835024
25.5 73.0977265129 521.773057433
26.0 69.4428401872 516.548981818
26.5 65.9706981779 511.23836703
27.0 62.672163269 505.851335743
27.5 59.5385551055 500.397407903
28.0 56.5616273503 494.885532472
28.5 53.7335459827 489.324117563
29.0 51.0468686836 483.721059038
29.5 48.4945252494 478.08376765
30.0 46.069798987 472.419194805
